0 1 2 3 4 -1 
4 5 6 4 7 8 9 -1 
10 11 12 4 13 10 14 15 16 17 -1 
18 19 20 21 22 23 24 25 26 -1 
27 28 29 30 31 -1 
32 33 34 21 35 12 3 4 -1 
36 37 38 17 15 -1 
39 25 40 3 4 -1 
41 42 30 10 43 -1 
44 3 4 6 44 45 -1 
46 5 47 12 3 4 -1 
32 48 43 20 49 35 50 3 51 52 53 24 21 22 10 12 54 12 3 4 55 38 -1 
20 56 16 5 57 17 3 -1 
44 39 6 45 44 -1 
58 59 6 59 60 -1 
3 4 61 6 62 63 -1 
40 64 65 1 2 -1 
66 67 68 69 4 6 -1 
70 71 19 19 72 73 74 75 72 76 77 16 78 79 80 81 65 -1 
82 83 72 37 84 85 -1 
25 86 5 87 88 89 15 90 7 91 -1 
15 90 5 92 30 93 94 38 -1 
25 32 95 96 97 -1 
59 92 15 4 98 99 20 100 91 59 101 25 102 4 3 -1 
103 90 30 10 13 -1 
20 30 93 10 38 -1 
92 104 22 105 106 20 107 108 109 110 -1 
104 22 111 70 112 113 -1 
92 101 114 108 110 4 -1 
27 28 29 25 108 4 -1 
25 70 111 104 22 32 115 116 -1 
117 44 30 93 10 4 25 32 88 118 -1 
92 25 89 119 89 108 120 70 121 122 123 124 89 -1 
56 89 88 18 89 125 -1 
126 127 90 89 125 89 -1 
128 28 29 89 129 121 122 123 96 -1 
89 125 130 3 131 132 130 133 -1 
25 89 134 102 133 135 25 22 -1 
67 68 40 136 72 -1 
137 70 16 83 16 78 91 81 83 138 139 140 20 90 70 141 40 -1 
28 68 142 20 56 143 -1 
83 142 40 144 83 -1 
0 1 2 3 4 -1 
46 4 57 118 140 1 2 145 -1 
146 25 4 89 147 43 -1 
4 89 43 148 21 22 -1 
27 28 149 150 4 -1 
151 107 25 152 91 12 91 14 4 146 1 2 145 -1 
153 122 154 146 1 2 3 155 42 30 43 -1 
156 93 10 57 118 -1 
71 157 93 10 158 12 93 10 159 159 160 93 10 57 118 4 46 62 161 162 136 163 122 123 164 165 1 2 3 -1 
39 25 40 3 4 -1 
25 40 93 10 159 -1 
166 46 92 167 43 168 4 1 2 -1 
3 4 61 6 62 63 -1 
27 169 170 40 4 -1 
171 172 173 120 174 -1 
175 176 177 12 93 10 57 118 120 89 43 21 25 178 172 179 180 -1 
117 12 91 14 181 4 -1 
182 68 40 136 72 -1 
0 122 123 183 57 118 -1 
184 161 32 6 185 186 187 -1 
0 1 2 3 4 -1 
40 25 89 5 5 188 -1 
18 26 20 21 22 23 24 -1 
92 13 189 109 32 190 191 -1 
98 25 192 95 91 144 95 -1 
98 193 194 30 93 10 195 -1 
56 5 89 147 92 20 4 -1 
4 190 191 71 20 56 196 13 12 30 10 -1 
12 197 173 12 198 199 198 -1 
99 200 201 80 202 40 65 120 4 203 204 16 205 196 16 78 76 -1 
40 131 206 207 173 32 58 208 209 4 97 195 210 -1 
6 28 29 211 186 39 70 212 98 -1 
213 16 214 98 180 -1 
70 126 3 4 215 -1 
34 216 116 162 217 126 -1 
18 218 187 92 139 25 139 219 25 195 220 -1 
221 93 139 17 25 222 127 178 223 186 224 225 3 -1 
151 223 101 186 13 222 226 21 35 -1 
92 227 83 62 228 74 -1 
4 19 229 230 231 232 233 234 235 62 236 74 237 186 233 234 -1 
151 227 238 62 239 -1 
178 240 0 1 2 3 4 57 118 25 -1 
25 5 4 1 3 2 241 242 241 242 -1 
20 38 59 101 102 4 -1 
160 243 244 245 120 5 92 4 -1 
246 25 92 83 247 92 4 248 17 -1 
249 100 91 19 250 90 4 -1 
12 25 95 251 161 180 252 36 -1 
95 253 254 255 98 256 200 201 257 -1 
92 258 255 259 95 99 260 202 173 -1 
27 180 261 25 95 262 74 255 257 -1 
151 195 151 92 263 264 264 -1 
90 265 265 264 266 95 36 -1 
12 25 267 268 269 95 267 270 271 272 95 -1 
273 274 195 275 38 18 25 31 276 32 4 -1 
38 92 118 38 277 -1 
278 4 93 10 57 118 120 -1 
278 4 30 10 57 118 120 38 38 277 4 -1 
246 25 20 279 38 30 10 280 -1 
174 120 4 209 122 -1 
137 98 57 118 281 109 4 180 282 -1 
98 91 269 268 269 95 283 -1 
4 92 89 125 25 -1 
151 25 281 133 284 -1 
36 19 20 21 22 23 24 -1 
151 98 25 222 71 98 92 263 42 285 286 1 3 287 -1 
70 288 289 290 220 291 21 -1 
98 292 293 294 295 44 -1 
3 4 61 6 62 63 -1 
72 296 83 72 297 214 4 -1 
98 298 299 300 180 301 25 -1 
76 16 135 92 98 140 17 209 122 151 72 302 76 -1 
303 87 135 25 195 297 83 76 -1 
67 68 69 4 6 68 40 136 72 -1 
151 62 58 304 305 -1 
306 307 308 309 210 83 -1 
36 0 122 123 183 57 118 -1 
164 164 310 285 286 290 220 42 -1 
120 311 272 1 3 2 241 242 -1 
25 1 3 312 140 -1 
313 314 313 254 0 315 -1 
25 2 241 242 316 -1 
317 273 0 1 2 3 4 57 118 25 -1 
71 114 32 30 57 118 318 98 96 89 125 89 319 -1 
158 4 98 1 2 -1 
98 320 91 40 1 2 -1 
126 186 186 298 91 -1 
321 322 25 26 20 4 38 25 -1 
101 25 102 4 3 -1 
137 4 323 324 325 326 316 325 -1 
40 4 89 38 36 -1 
327 328 71 328 91 86 91 329 -1 
86 92 330 331 54 -1 
98 91 4 25 332 284 -1 
247 98 333 98 25 222 98 195 334 98 335 336 32 21 334 -1 
83 83 178 114 32 3 -1 
4 337 91 338 284 332 339 25 3 126 3 340 -1 
195 18 19 20 23 24 341 4 -1 
342 337 98 195 343 344 345 6 -1 
137 58 221 346 25 222 347 -1 
98 223 101 348 285 25 -1 
349 350 238 238 52 53 24 -1 
39 25 40 3 4 -1 
40 3 4 32 318 118 351 32 325 -1 
20 298 4 89 25 -1 
96 131 352 89 125 -1 
353 4 89 125 354 -1 
98 93 98 355 356 114 133 357 123 358 -1 
359 313 318 213 313 123 -1 
98 98 359 256 180 -1 
137 98 359 313 360 213 123 -1 
96 74 361 20 334 294 350 254 -1 
71 362 363 166 44 186 -1 
240 137 92 98 325 98 96 316 98 19 122 364 98 1 365 -1 
3 4 61 6 62 63 -1 
40 366 20 80 80 40 209 4 -1 
367 368 173 32 131 98 369 238 62 40 370 -1 
75 126 371 40 209 4 -1 
133 372 372 373 374 375 372 -1 
351 367 126 249 376 -1 
377 372 372 373 372 377 378 -1 
247 172 173 36 173 98 -1 
379 137 40 254 75 380 -1 
381 137 6 382 180 -1 
0 172 376 383 384 68 385 386 40 209 4 57 118 19 195 387 -1 
98 388 389 390 391 82 4 144 40 -1 
66 67 68 40 69 4 6 -1 
137 68 40 136 72 -1 
98 136 72 28 29 82 98 -1 
81 392 393 78 83 -1 
0 122 123 183 57 118 -1 
183 394 98 336 253 395 -1 
36 396 98 397 398 -1 
62 282 126 3 396 399 400 399 401 -1 
157 114 32 32 56 19 -1 
137 83 57 118 222 13 -1 
98 402 114 386 21 98 403 -1 
98 21 343 98 285 404 291 222 405 406 407 32 21 20 408 -1 
98 320 4 8 409 3 -1 
62 98 410 126 98 114 32 98 -1 
190 158 178 98 4 54 42 98 406 407 -1 
62 411 62 412 74 413 98 399 0 217 -1 
195 107 4 414 124 89 147 98 359 183 415 25 222 4 54 416 20 417 180 230 -1 
98 418 54 416 215 400 4 222 -1 
98 215 62 411 70 228 74 -1 
98 419 420 399 421 74 -1 
107 227 4 404 20 98 4 98 422 -1 
423 151 56 394 385 25 253 59 -1 
0 1 2 3 4 57 118 25 6 -1 
1 2 276 3 20 4 -1 
27 28 29 424 1 2 -1 
353 101 25 4 3 -1 
57 118 25 93 10 57 118 -1 
151 20 56 137 114 32 316 4 -1 
18 19 20 21 22 23 24 -1 
321 39 25 40 3 4 98 57 118 25 -1 
98 0 166 425 269 413 3 4 426 -1 
98 413 123 89 183 427 89 125 -1 
98 44 89 89 125 98 428 4 429 430 431 432 433 434 -1 
98 429 430 364 4 -1 
36 36 16 434 435 -1 
98 436 437 180 229 432 -1 
98 438 439 298 434 -1 
298 434 438 98 440 438 83 441 98 442 440 438 -1 
98 98 235 435 40 4 -1 
57 118 443 214 98 444 445 256 -1 
19 446 91 4 3 -1 
432 71 432 71 16 98 447 399 295 316 147 4 448 245 25 186 449 92 4 -1 
137 151 19 89 429 116 -1 
98 431 364 450 144 -1 
98 144 229 230 216 -1 
98 31 451 4 16 92 98 452 452 413 453 256 98 -1 
126 91 95 454 40 90 4 -1 
98 455 25 456 457 458 20 95 -1 
396 314 126 91 70 400 314 -1 
98 458 91 459 356 3 -1 
25 364 450 460 461 -1 
445 98 71 462 463 -1 
321 151 256 464 235 465 -1 
36 466 47 54 3 227 400 4 -1 
98 58 89 89 125 429 430 364 4 -1 
467 468 469 470 89 125 471 123 461 439 89 125 467 -1 
89 4 461 461 183 98 216 384 217 -1 
98 46 2 137 2 336 310 42 98 2 54 218 -1 
472 314 137 92 151 20 183 118 25 98 372 377 -1 
98 92 151 183 237 461 456 98 183 -1 
473 230 98 144 430 474 -1 
137 475 98 223 476 223 434 25 -1 
20 151 25 25 133 398 399 477 478 479 434 480 -1 
70 432 98 481 482 483 98 -1 
432 62 83 484 70 485 -1 
321 36 486 256 235 435 -1 
20 487 98 423 488 398 -1 
485 298 434 52 489 133 151 98 490 229 -1 
98 98 19 429 20 151 491 357 -1 
321 291 61 116 439 36 235 -1 
16 434 44 92 492 118 4 493 71 477 434 144 494 495 301 269 495 4 44 92 428 151 434 398 -1 
137 70 428 430 399 256 434 496 -1 
98 497 483 256 498 499 500 -1 
131 501 223 476 431 432 186 502 6 -1 
503 114 504 154 245 154 432 468 398 488 -1 
468 505 261 303 151 -1 
98 506 228 507 228 222 71 434 228 432 -1 
27 508 404 487 500 509 510 196 116 -1 
479 511 240 468 154 -1 
154 512 144 423 25 513 441 -1 
296 512 25 514 514 515 516 -1 
25 517 144 518 74 488 56 151 519 306 -1 
154 519 398 154 520 46 521 27 468 -1 
522 523 306 514 515 -1 
516 517 71 517 524 12 294 525 526 527 512 488 109 46 204 512 306 -1 
317 0 1 2 3 4 57 118 25 -1 
20 25 140 25 98 20 20 25 4 91 -1 
19 250 4 91 99 -1 
25 528 98 95 91 19 -1 
18 19 20 21 22 23 24 -1 
140 21 529 530 98 -1 
39 25 40 3 4 -1 
25 26 62 531 40 4 -1 
44 44 166 44 316 5 -1 
3 4 61 6 62 63 -1 
67 68 69 4 6 -1 
72 12 334 532 133 83 -1 
0 1 2 3 4 57 118 25 -1 
16 252 533 453 256 87 430 57 118 -1 
235 432 534 59 6 -1 
535 30 57 118 168 144 -1 
36 25 36 180 131 19 104 278 536 30 118 47 -1 
137 500 537 538 40 4 -1 
539 98 338 540 16 301 455 180 17 275 130 537 541 151 133 364 -1 
98 71 542 249 543 439 174 120 221 306 -1 
180 87 282 77 283 20 -1 
98 86 93 10 57 118 283 160 15 4 25 79 208 544 147 -1 
98 120 294 248 4 -1 
93 545 95 439 120 278 30 57 118 47 4 535 453 -1 
30 93 10 57 118 -1 
150 18 19 20 19 20 21 22 23 24 20 4 98 89 38 -1 
535 4 21 22 24 310 546 129 547 -1 
71 364 450 548 4 30 160 131 453 549 550 -1 
137 401 186 40 551 552 4 52 499 294 553 -1 
322 131 36 25 36 180 554 -1 
120 404 20 36 25 36 180 306 -1 
555 164 93 139 343 32 57 118 -1 
407 36 25 32 556 147 188 134 360 116 360 116 283 471 314 557 91 -1 
558 559 98 560 561 562 563 294 124 131 564 172 -1 
20 56 36 25 32 565 566 567 25 -1 
32 77 123 146 472 77 123 568 77 569 -1 
18 4 3 40 0 122 123 -1 
92 210 186 130 272 341 570 83 275 571 4 72 -1 
572 432 573 144 172 87 557 432 -1 
353 336 12 4 72 574 -1 
36 575 25 123 449 4 72 -1 
98 576 151 577 0 314 578 -1 
25 32 114 88 89 147 89 125 89 579 93 10 -1 
152 91 169 4 552 567 130 272 -1 
580 232 516 114 3 552 32 461 567 122 123 -1 
568 552 128 114 460 581 24 21 22 582 19 583 160 -1 
584 160 25 356 188 -1 
151 30 147 151 3 4 567 169 221 133 585 -1 
586 98 220 25 172 587 341 -1 
114 195 93 568 57 160 150 588 567 -1 
107 356 589 87 169 -1 
32 579 171 183 147 32 30 590 183 -1 
16 248 272 4 151 -1 
122 123 48 591 102 183 -1 
36 592 109 4 249 243 593 328 70 4 6 -1 
98 130 594 114 126 98 131 -1 
114 71 172 340 595 97 4 -1 
172 70 596 597 27 598 597 174 596 -1 
98 599 110 314 70 98 342 25 600 120 -1 
42 601 71 98 341 530 529 3 4 -1 
25 32 32 3 25 394 253 59 20 -1 
151 103 92 602 603 25 604 605 552 93 360 160 17 606 590 471 -1 
92 456 602 607 25 195 245 245 57 118 608 282 -1 
233 131 282 472 95 609 610 267 528 609 95 25 611 -1 
20 92 222 612 116 613 471 52 43 -1 
250 174 240 614 615 616 -1 
25 32 48 36 91 108 95 4 -1 
617 567 618 30 83 5 -1 
619 12 248 620 3 4 98 621 -1 
276 577 622 623 449 195 210 -1 
195 44 0 151 174 -1 
423 598 25 208 397 624 384 25 -1 
25 625 598 25 397 -1 
626 123 25 134 605 -1 
627 151 406 380 406 628 629 630 631 -1 
418 423 98 107 194 315 164 -1 
152 632 556 579 633 98 630 186 25 634 556 52 153 635 -1 
636 0 1 2 3 4 -1 
157 89 147 5 98 12 -1 
117 20 637 4 89 38 59 102 4 120 -1 
526 638 372 377 372 373 639 -1 
180 640 604 380 70 98 70 641 -1 
642 643 98 644 380 -1 
151 645 380 98 646 69 191 143 2 1 98 334 98 647 266 -1 
151 336 232 77 59 4 -1 
27 28 29 648 649 4 6 -1 
98 137 327 277 650 98 160 243 651 57 118 25 -1 
98 120 244 652 4 98 653 654 40 -1 
16 655 98 376 19 -1 
656 173 92 657 90 62 135 303 40 98 658 655 -1 
195 173 593 593 655 -1 
173 579 399 659 579 660 579 98 20 70 653 98 661 160 243 662 -1 
169 243 40 3 4 663 259 133 0 -1 
98 17 655 664 665 666 667 668 19 20 220 98 155 -1 
62 70 376 40 4 -1 
62 371 40 4 328 4 -1 
353 9 91 90 4 -1 
98 334 180 284 669 670 -1 
671 672 123 669 416 -1 
98 98 455 186 673 284 -1 
322 98 669 226 25 -1 
27 120 674 120 284 210 -1 
98 137 98 114 98 287 460 31 675 -1 
137 676 1 26 0 98 157 21 285 547 -1 
653 195 334 21 285 547 -1 
114 98 186 644 677 380 35 678 98 675 71 32 70 529 679 95 -1 
321 131 18 21 22 680 42 -1 
321 70 31 23 24 -1 
98 412 285 292 222 -1 
98 373 681 373 372 -1 
4 89 125 25 89 -1 
115 195 380 682 655 -1 
98 20 683 4 89 124 89 -1 
684 603 685 655 137 -1 
341 269 44 131 287 686 -1 
687 687 132 688 689 690 -1 
99 174 127 170 44 691 6 322 692 170 166 44 -1 
137 166 44 98 693 52 98 45 694 695 39 98 59 60 -1 
696 98 697 698 118 376 -1 
389 89 98 699 700 701 700 701 -1 
98 526 98 702 703 118 -1 
70 351 704 696 705 295 52 59 60 98 45 706 295 44 -1 
98 707 382 90 257 -1 
137 708 709 98 665 710 180 665 533 429 -1 
98 19 137 711 712 632 98 -1 
98 713 714 98 715 429 59 151 699 716 362 363 655 -1 
36 699 717 632 98 -1 
372 377 638 681 374 638 372 377 -1 
718 98 172 719 244 131 720 150 579 -1 
721 20 249 376 3 4 6 -1 
98 456 722 98 426 75 -1 
66 67 68 69 4 6 -1 
723 297 71 19 173 195 89 98 93 10 57 118 38 364 4 40 620 98 -1 
186 449 724 725 98 180 295 69 726 726 34 121 -1 
83 76 455 186 12 27 83 727 728 -1 
98 12 729 98 376 699 287 80 40 624 6 -1 
0 4 29 721 20 -1 
353 249 466 721 20 -1 
98 510 74 116 730 -1 
216 413 217 731 25 -1 
732 416 669 733 251 239 98 -1 
27 28 29 429 217 731 25 -1 
137 163 427 734 315 734 413 735 736 737 334 211 574 738 665 186 186 278 739 294 740 438 -1 
83 98 217 98 369 413 237 -1 
137 89 93 10 3 98 83 380 -1 
3 83 741 380 114 315 -1 
20 742 336 36 743 380 -1 
449 744 382 455 17 131 244 72 -1 
745 59 195 746 291 -1 
364 747 28 29 185 748 1 3 518 738 -1 
220 38 316 12 1 2 3 -1 
174 679 95 120 91 8 137 385 -1 
25 20 679 95 674 -1 
39 25 40 3 4 -1 
98 678 749 30 10 280 -1 
36 362 363 717 632 151 -1 
6 3 4 61 62 63 -1 
40 65 197 173 302 3 750 -1 
146 1 1 2 25 4 -1 
741 751 68 752 68 -1 
351 259 197 173 753 -1 
752 93 10 57 118 5 133 40 172 -1 
67 68 69 4 6 68 40 136 72 157 -1 
146 4 1 2 563 -1 
27 131 225 455 656 54 -1 
353 18 466 3 4 215 -1 
754 98 755 98 196 399 161 754 227 25 3 -1 
0 69 4 57 118 25 6 -1 
490 180 97 756 2 -1 
92 316 25 757 240 456 104 137 758 98 36 -1 
20 451 759 603 372 457 342 139 -1 
530 468 490 354 396 380 -1 
27 101 457 456 240 -1 
133 672 83 378 372 377 438 760 761 762 373 373 372 372 -1 
144 449 174 240 373 -1 
4 372 374 372 98 1 -1 
372 377 375 98 377 378 377 373 378 372 377 378 681 377 -1 
763 256 137 373 764 638 373 372 377 372 377 372 378 373 639 639 372 -1 
378 372 374 195 765 -1 
766 377 373 767 372 638 428 768 769 -1 
372 377 372 377 639 372 377 374 -1 
39 25 40 3 4 -1 
32 98 183 122 123 32 105 256 -1 
353 711 426 429 44 -1 
98 770 166 44 719 702 294 525 -1 
321 27 169 0 40 40 3 4 -1 
131 771 238 16 40 4 -1 
98 772 98 170 83 -1 
28 29 773 40 598 774 131 19 -1 
342 68 40 136 72 -1 
67 68 50 62 775 -1 
98 20 776 80 777 131 19 -1 
535 136 98 778 54 -1 
70 72 296 28 29 779 36 -1 
133 780 16 252 776 98 4 25 -1 
27 131 225 455 210 -1 
256 490 225 309 59 -1 
249 466 117 466 4 215 -1 
781 25 335 25 1 3 -1 
782 782 509 70 0 334 -1 
120 782 137 92 782 25 32 3 -1 
67 735 736 160 783 237 784 -1 
144 423 122 123 27 169 170 -1 
20 133 306 40 423 -1 
157 785 303 40 786 25 396 116 -1 
1 1 787 25 1 3 0 -1 
2 54 25 306 98 -1 
122 123 0 88 57 118 120 -1 
788 789 790 25 1 -1 
88 57 118 589 791 183 120 -1 
67 735 736 784 237 -1 
27 792 0 315 183 88 57 118 -1 
67 735 736 160 783 784 237 -1 
98 597 782 133 793 116 681 -1 
0 1 2 3 4 57 118 25 6 -1 
603 151 429 60 146 4 5 98 20 42 794 -1 
170 166 44 543 522 92 -1 
384 174 795 172 795 3 1 2 796 797 798 799 151 -1 
179 25 579 5 57 88 800 316 147 21 22 -1 
25 655 441 5 158 801 316 5 92 102 4 40 656 25 92 683 144 -1 
591 92 115 116 92 151 364 417 802 4 -1 
70 173 172 92 803 683 8 111 804 805 -1 
99 120 98 109 109 95 131 804 99 -1 
321 531 25 90 3 4 -1 
591 579 316 316 147 -1 
114 89 316 93 10 57 118 146 5 -1 
23 24 19 31 341 -1 
39 25 40 3 4 -1 
151 158 120 20 385 604 571 -1 
158 25 579 92 30 10 280 -1 
174 57 118 25 36 -1 
158 25 579 30 10 280 57 20 316 3 -1 
554 380 406 25 316 5 57 195 294 25 27 144 116 -1 
353 317 806 44 3 4 -1 
170 166 44 45 118 807 44 -1 
98 631 526 808 44 170 44 543 -1 
180 685 120 160 243 685 44 98 158 44 543 -1 
249 249 334 393 16 809 5 21 22 143 1 3 422 810 810 2 3 -1 
19 811 68 811 798 799 812 526 166 44 83 802 701 4 526 813 -1 
69 813 57 118 591 54 -1 
25 98 93 101 814 397 154 -1 
3 61 6 62 63 -1 
92 815 4 17 16 205 816 12 8 80 817 257 818 -1 
127 249 775 249 376 -1 
98 172 16 753 172 -1 
66 67 68 69 4 6 68 40 136 72 -1 
70 819 98 174 98 820 821 -1 
822 99 98 823 735 25 256 548 183 25 -1 
317 0 1 2 3 4 57 118 25 -1 
173 131 620 90 813 1 2 -1 
101 25 102 4 3 -1 
20 98 334 591 824 4 210 59 -1 
173 158 825 412 643 3 4 122 123 826 -1 
158 173 620 4 89 25 -1 
93 10 36 276 25 4 -1 
89 18 25 26 31 341 -1 
158 276 4 25 115 116 827 828 416 829 22 -1 
36 39 25 40 3 4 -1 
151 89 89 258 89 25 40 109 603 -1 
25 32 98 830 831 832 603 282 93 10 -1 
364 98 111 104 22 -1 
131 371 468 123 827 -1 
44 336 170 131 39 44 269 4 341 -1 
334 180 180 195 294 -1 
146 342 141 525 131 4 158 87 16 -1 
173 62 341 70 131 306 -1 
19 62 833 63 74 186 6 574 28 185 186 98 158 834 -1 
835 4 117 90 4 574 28 185 -1 
66 67 68 69 4 6 68 40 136 72 -1 
151 71 836 837 16 8 495 4 20 -1 
212 131 567 342 131 4 259 -1 
36 131 128 173 157 98 157 202 453 -1 
0 1 2 3 4 57 118 25 -1 
101 57 118 25 4 3 -1 
838 99 838 839 4 -1 
36 11 10 91 14 -1 
210 11 840 841 842 -1 
843 30 57 558 38 276 57 360 -1 
98 844 845 516 91 -1 
501 30 38 98 150 843 116 -1 
90 840 834 846 98 91 -1 
195 531 25 20 40 4 -1 
847 105 256 98 848 4 -1 
758 849 91 843 40 4 -1 
144 4 42 151 42 -1 
13 109 257 109 4 220 42 -1 
109 4 42 529 530 42 -1 
18 26 20 23 24 -1 
2 2 3 547 291 529 -1 
92 529 137 180 91 174 850 851 174 610 852 -1 
656 656 853 842 54 834 17 4 422 -1 
190 191 36 637 191 115 -1 
39 25 40 3 4 -1 
32 49 277 41 42 13 4 -1 
46 109 4 25 827 180 4 25 -1 
173 78 27 3 187 -1 
25 4 187 1 3 2 -1 
659 98 32 25 98 -1 
220 291 42 579 42 334 30 -1 
322 124 531 4 3 158 531 1 -1 
98 1 28 29 854 226 101 186 2 -1 
137 303 554 4 531 -1 
56 336 187 54 3 -1 
157 659 249 466 821 151 -1 
137 701 855 856 813 174 4 -1 
126 42 98 403 25 190 191 173 27 91 -1 
455 174 610 92 91 -1 
109 857 372 858 372 -1 
66 67 68 69 4 6 68 40 136 72 95 -1 
68 755 68 376 98 99 102 174 173 4 -1 
0 1 2 3 4 57 118 25 -1 
56 20 4 859 59 -1 
38 25 59 70 4 -1 
90 11 16 92 10 -1 
109 120 1 2 860 4 -1 
456 861 16 862 863 -1 
109 468 172 172 95 -1 
245 25 276 32 4 -1 
92 93 10 173 864 30 30 4 -1 
32 89 5 30 98 93 10 280 30 92 4 -1 
356 41 42 4 41 42 -1 
27 25 356 416 1 2 860 54 238 120 93 101 -1 
39 25 40 3 4 -1 
25 12 198 173 16 865 25 130 -1 
6 3 4 61 62 63 -1 
432 194 91 298 19 -1 
92 376 68 67 68 6 -1 
12 866 198 20 199 198 865 16 12 16 140 139 867 -1 
71 107 83 16 868 62 91 -1 
20 40 65 136 72 -1 
12 204 203 869 727 728 -1 
870 65 870 727 728 81 -1 
141 209 135 12 234 -1 
98 209 135 98 83 727 728 -1 
0 1 2 3 4 57 118 25 6 -1 
276 3 4 1 2 -1 
396 80 451 294 1 422 15 2 451 -1 
1 54 416 2 364 -1 
1 422 577 15 2 -1 
1 287 3 871 872 873 15 2 874 4 -1 
0 4 93 324 171 -1 
92 604 380 25 4 316 254 -1 
249 5 52 603 44 -1 
875 4 5 316 254 -1 
526 99 100 91 27 876 877 114 42 1 3 54 -1 
878 144 468 314 725 -1 
100 91 41 42 117 879 -1 
92 151 52 18 92 151 109 254 356 -1 
92 0 314 518 315 54 15 80 98 95 316 878 258 147 -1 
13 189 4 114 316 254 880 881 162 1 -1 
192 449 192 396 314 518 92 98 721 -1 
18 23 24 843 32 4 -1 
0 98 285 882 547 883 603 114 21 303 28 29 226 884 50 18 139 93 -1 
885 21 35 93 222 547 114 285 882 222 726 -1 
577 875 4 886 42 36 -1 
875 886 42 52 603 44 -1 
39 25 40 3 4 -1 
151 13 30 10 280 -1 
167 10 280 875 41 21 35 335 334 180 148 21 35 455 180 875 148 41 21 35 875 -1 
44 364 21 35 178 4 1 2 364 -1 
63 62 266 172 173 95 72 -1 
15 876 129 98 887 294 888 46 62 753 172 40 -1 
62 753 172 574 571 -1 
72 95 126 5 889 890 10 62 753 172 173 62 210 -1 
723 451 15 167 93 10 57 118 15 17 -1 
99 95 334 180 891 892 893 20 98 -1 
173 92 151 699 894 95 665 83 895 36 89 89 118 -1 
144 12 554 70 0 294 341 62 70 89 89 125 134 185 162 -1 
828 310 158 25 32 876 195 1 2 3 -1 
26 0 843 25 4 -1 
71 896 897 25 57 118 25 883 343 195 898 218 120 -1 
21 22 150 31 843 424 4 -1 
151 899 117 220 25 32 814 122 123 883 -1 
39 25 701 3 4 -1 
151 131 158 25 335 382 21 35 221 158 579 93 10 57 118 -1 
120 404 20 69 4 75 -1 
239 461 116 122 123 -1 
900 398 357 901 4 902 -1 
901 16 434 510 903 4 646 201 93 904 -1 
97 4 61 6 62 63 -1 
63 905 173 117 906 4 107 443 907 -1 
70 528 14 131 908 13 146 120 20 320 40 4 -1 
278 909 104 910 911 912 913 4 914 118 915 494 70 916 -1 
25 256 434 74 131 -1 
98 917 6 918 432 -1 
66 67 68 69 4 6 -1 
151 55 19 62 15 -1 
919 91 57 118 920 57 118 368 16 -1 
278 526 4 13 16 68 -1 
0 1 2 3 4 57 118 25 -1 
1 2 276 3 4 -1 
4 30 4 48 4 22 -1 
4 124 89 88 89 -1 
404 20 258 88 316 -1 
18 21 22 25 4 -1 
39 25 40 3 4 -1 
40 25 104 22 111 876 237 20 186 605 -1 
20 796 0 921 116 -1 
922 310 285 23 923 19 -1 
3 4 61 6 62 63 -1 
19 350 802 762 80 -1 
20 762 80 924 256 -1 
95 20 90 4 12 97 16 -1 
685 245 120 160 243 -1 
660 471 925 399 659 173 -1 
173 926 180 927 120 -1 
20 928 801 160 243 -1 
157 25 32 86 183 -1 
25 32 929 120 86 253 395 116 398 526 -1 
66 67 69 4 6 68 40 136 72 -1 
98 118 643 20 924 930 118 643 707 624 80 -1 
98 631 62 74 180 78 -1 
382 574 931 4 72 -1 
19 25 20 932 295 294 933 -1 
164 174 0 934 4 25 4 195 788 456 468 -1 
0 120 151 20 3 4 -1 
25 32 0 585 116 935 936 -1 
